[421, 310] [197,145,205]
[464, 294] [173,173,173]
[508, 278] [137,108,163]
[551, 261] [146,159,143]
[448, 400] [194,141,202]
[495, 394] [172,172,172]
[544, 388] [138,107,162]
[590, 382] [142,153,138]
[377, 237] [194,142,202]
[416, 210] [173,173,173]
[454, 184] [138,104,164]
[328, 180] [195,143,203]
[491, 159] [145,155,143]
[360, 146] [172,172,172]
[271, 141] [196,143,202]
[391, 114] [139,110,165]
[294, 104] [171,171,171]
[421, 82] [147,157,144]
[318, 67] [139,108,164]
[341, 31] [147,158,142]

[449, 398] [126,186,236]
[496, 392] [182,206,196]
[544, 386] [98,185,195]
[592, 382] [186,155,139]
[421, 310] [131,189,238]
[465, 293] [185,207,198]
[509, 277] [98,185,195]
[552, 261] [193,161,142]
[379, 236] [129,187,236]
[417, 210] [185,206,197]
[455, 184] [95,183,197]
[330, 178] [129,187,236]
[492, 159] [189,160,142]
[360, 146] [185,206,197]
[271, 141] [130,186,235]
[392, 113] [101,188,198]
[295, 104] [183,204,195]
[422, 82] [190,160,143]
[319, 67] [99,184,198]
[342, 31] [191,158,142]

[449, 398] [47,71,90]
[496, 392] [53,60,57]
[544, 386] [26,47,49]
[592, 380] [43,34,31]
[421, 310] [49,73,91]
[465, 295] [54,61,58]
[509, 277] [26,47,49]
[552, 259] [49,40,36]
[380, 234] [48,72,92]
[417, 210] [54,61,58]
[455, 184] [25,48,50]
[329, 176] [49,70,91]
[492, 159] [45,36,32]
[361, 146] [54,61,58]
[273, 139] [48,72,89]
[392, 113] [27,50,52]
[295, 104] [52,59,56]
[422, 82] [46,37,33]
[319, 67] [26,49,51]
[342, 31] [47,38,34]

[328, 447] [32,1,0]
[351, 411] [0,26,40]
[249, 396] [33,2,1]
[375, 374] [25,46,37]
[278, 365] [0,31,40]
[399, 338] [2,28,77]
[310, 332] [27,48,39]
[179, 320] [30,1,0]
[341, 301] [1,28,78]
[215, 295] [0,25,39]
[254, 268] [27,48,39]
[291, 243] [0,29,78]
[119, 218] [35,2,0]
[162, 201] [0,29,38]
[205, 184] [27,48,39]
[249, 168] [0,30,79]
[79, 97] [30,0,0]
[127, 91] [0,29,39]
[175, 86] [24,48,38]
[222, 81] [1,28,78]

[141, 407] [162,216,255]
[105, 384] [214,235,226]
[67, 360] [129,214,229]
[31, 336] [221,188,171]
[178, 349] [161,217,254]
[146, 318] [212,237,226]
[236, 299] [159,216,255]
[210, 262] [215,236,228]
[312, 256] [160,218,254]
[114, 287] [131,219,226]
[82, 257] [221,190,173]
[184, 223] [125,213,226]
[294, 214] [215,236,227]
[159, 187] [219,190,173]
[278, 170] [129,216,226]
[261, 127] [223,191,172]
[398, 230] [156,216,255]
[393, 182] [212,236,226]
[388, 134] [131,216,226]
[382, 87] [215,185,168]

[449, 398] [126,186,236]
[496, 392] [182,206,196]
[591, 382] [187,155,139]
[421, 310] [131,189,238]
[465, 295] [185,207,197]
[509, 277] [98,185,195]
[552, 261] [193,161,142]
[379, 236] [129,187,236]
[417, 210] [185,206,197]
[455, 184] [95,183,197]
[330, 178] [129,187,236]
[492, 159] [189,160,142]
[361, 146] [185,206,197]
[271, 141] [130,186,235]
[392, 113] [101,188,198]
[295, 104] [183,204,195]
[422, 82] [190,160,143]
[319, 67] [99,184,198]
[342, 31] [191,158,142]

